---
startPose:
  x: 38.0
  y: -60.3
  heading: 1.5707963267948966
startTangent: 1.5707963267948966
waypoints:
- position:
    x: 26.5
    y: -23.5
  heading: 0.0
  tangent: 3.141592653589793
  interpolationType: "CONSTANT"
resolution: 0.25
version: 1
